Name		astr	lstr	dex	agi	end	perc	int	wis	cha	mana	mstr	kstr	bstr
player		10	10	15	15	10	10	10	10	10	10	5000
petrus		42	42	42	42	42	42	42	42	42	42	5000
farmer		20	20	20	10	20	18	10	10	10	5	5000
guard		25	25	15	15	25	24	10	10	15	10	5000
shopkeeper	10	30	10	10	10	30	25	15	30	10	5000
priest		10	30	10	10	10	18	15	25	20	20	5000
oree		40	40	90	90	30	30	30	20	3	30	15000	30000	300000
darkknight	30	30	25	25	30	30	20	15	15	15	5000
ennerbeast	10	10	10	10	10	12	1	1	1	0			100000
darkfrog	5	*	*	40	15	18	40	30	5	20			30000
elpuri		90	*	*	10	40	30	40	30	2	30			30000
billswill	5	*	*	50	5	27	2	2	5	10	50000*
skeleton	10***	10***	10***	10***	5****	15	4	4	3	5	5000
goblin		10	10	10	15	10	18	5	5	5	5	5000
conicalmommo	4	*	*	2	20	9	3	2	4	0			20000
flatmommo	2	*	*	4	20	9	2	3	3	0			20000
golem		***	***	***	***	****	12	4	4	5	5	5000*
wolf		7	*	*	25	10	24	7	5	10	0			20000
dog		5	*	*	20	7	21	7	5	15	0			15000
spider		2	*	*	4	4	9	5	5	4	0			20000
jackal		3	*	*	15	5	18	5	5	7	0			15000
donkey		20	*	*	5	15	15	5	5	5	0			2500
communist	50	50	20	20	30	18	7	5	10	5	5000
hunter		15	15	15	20	15	24	10	10	15	5	5000
polarbear	50	*	*	10	25	24	5	7	15	0			15000
dolphin		10	*	*	30	10	30	99	99	30	0			5000
lightfrog	5	*	*	40	15	18	30	40	15	20			30000
slave		25	25	15	10	25	15	10	10	10	5	5000
petrusswife	5	5	5	5	5	21	7	10	80	20	6000
housewife	10	10	15	15	15	24	10	20	20	10	6000
femaleslave	10	10	10	10	10	18	10	10	25	5	6000
librarian	5	5	5	5	5	12	30	15	10	20	5000
zombie		10	10	5	5	5	12	4	4	3	0	5000
imp		15	15	10	10	10	15	10	10	5	10	5000
bat		2	*	*	50	10	24	7	5	5	0			15000
mistress	25	25	35	35	25	30	15	15	40	15	5000
werewolf (h)	15	15	15	15	15	15	15	15	15	15	5000
werewolf (w)	25	25	35	35	35	24	10	10	10	0			20000
kobold		5	5	10	10	5	12	4	4	4	0	5000
gibberling	5	5	5	20	10	15	4	4	5	0	5000
largecat	5	*	*	35	10	21	10	10	20	0			20000
largerat	3	*	*	30	10	12	5	5	4	0			20000
angel		35**	35**	35**	35**	35**	45	35	35	50	35	6000
kamikazedwarf	20	20	20	20	15	24	10	5	10	10	5000
mammoth		80	*	*	20	25	18	5	7	10	0		20000	10000
unicorn		15	*	*	40	10	18	25	20	30	25		15000	7500
genie		30	30***	30	30	15	18	20	25	20	50	5000
lion		25	*	*	25	20	24	7	15	20	0			20000
c-plant		10	*	*	1	5	6	3	2	5	0			5000
buffalo		40	*	*	25	25	24	5	5	5	0		20000	10000
snake		10	*	*	15	10	9	5	5	5	0			10000
orc		15	15	15	20	15	18	7	5	4	0	5000
cossack		20	20	15	15	15	21	10	7	7	0	5000

* not valid: lstr == astr and dex == agi
** varies according to alignment
*** not used
**** has no effect
