Name		Size	Agil.	Str.	End.	Perc.	MelStr.		Volume
player		150-200	15-25	10-15	10-15	10-15	1000
perttu		225	75	75	75	75	1000
farmer		170	10	15	20	18	1000
guard		180	15	20	20	24	2000
shopkeeper	160	10	30	25	30	2000
priest		180	10	20	15	18	1000
oree		225	50	30	30	30	30000
darkknight	200	30	25	30	30	5000
ennerbeast	150	10	10	25	12	100000
frog		25	30	5	5	18	20000
elpuri		300	10	30	50	30	20000
billswill	100	40	5	20	27	20000
skeleton	150	10	5	10	15	1000
skeleton	200	15	18	15	15	1000
goblin		100	15	10	15	18	2000
conicalmommo	100	2	4	50	9	20000
flatmommo	50	4	2	25	9	20000
golem		250	5	20	20	12	varies
wolf		100	20	10	10	24	7500
dog		70	15	5	5	21	5000
spider		10	5	2	1	9	10000
jackal		80	10	3	3	18	5000
donkey		150	5	10	10	15	1000
ivan		230	20	50	50	18	5000
hunter		180	20	15	15	24	2000
polarbear	250	10	30	30	24	10000
dolphin		300	30	10	10	30	1000
slave		160	10	20	15	15	1000
perttuswife	170	10	5	5	21	500
housewife	160	15	10	15	24	500
femaleslave	170	10	10	15	18	500
librarian	170	5	5	5	12	500
angel		180	35*	35*	35*	45	10000		80000	*default; depends on alignment
bat		20	40	2	1	24	20000		1000
beholder
genie		300	30	30	30	18	5000		200000
gibberling	90	20	5	5	15	10000		30000
gnoll
imp		100	15	10	10	15	20000		40000
kobold		90	10	5	5	12	2000		30000
large cat	60	25	5	5	21	20000		15000
large rat	30	10	3	2	12	20000		2000
lion		300	40	30	30	24	3000		150000
mammoth		500	20	80	80	18	5000		5000000
raven		60
unicorn		200	40	5	20	18	2500		200000
werewolf (h)	170	15	15	15	15	2000		80000
werewolf (w)	200	25	25	25	24	20000		80000
zombie		160	5	10	5	12	1500		50000
mistress	180	35	25	50	30	5000		60000
orc		160							50000
troll		230							200000
ant		1	1	1	1	1	1		1
kamikazedwarf	130	20	20	20	24	2000		60000
carnivorouspl.	250	5	30	4	5	2500		20000
buffalo		250	7	4	30	24	500		200000
